glicose;hora_do_dia;insulina;fator
320.0;;30.0;0.0
280.0;;30.0;-40.0
420.0;;30.0;140.0
120.0;;0.0;-300.0
103.0;;0.0;-17.0
220.0;;5.0;117.0
220.0;;20.05;0.0
320.0;;27.551;100.0
183.0;;10.72299999999999;-137.0
208.0;5.5;16.436609999999977;25.0
